luclient证书hash:
183,251,49,202,40,188,135,2,163,146,14,85,56,198,205,4,3,138,113,154,70,90,234,36,6,201,99,248,188,13,55,226
hex:{0xb7, 0xfb, 0x31, 0xca, 0x28, 0xbc, 0x87, 0x02, 0xa3, 0x92, 0x0e, 0x55, 0x38, 0xc6, 0xcd, 0x04, 0x03, 0x8a, 0x71, 0x9a, 0x46, 0x5a, 0xea, 0x24, 0x06, 0xc9, 0x63, 0xf8, 0xbc, 0x0d, 0x37, 0xe2}
sk:{48,119,2,1,1,4,32,127,15,87,191,165,87,251,48,0,39,95,199,246,148,144,233,200,235,222,240,163,189,144,252,242,172,164,113,70,162,114,149,160,10,6,8,42,134,72,206,61,3,1,7,161,68,3,66,0,4,133,14,70,148,129,194,
121,27,156,233,68,66,124,70,187,120,212,199,53,131,23,37,92,239,77,99,252,147,46,214,241,5,53,134,211,173,170,53,81,216,198,104,171,30,39,152,24,133,61,111,2,114,4,176,13,138,91,131,109,233,49,66,103,226}
{0x7f, 0x0f, 0x57, 0xbf, 0xa5, 0x57, 0xfb, 0x30, 0x00, 0x27, 0x5f, 0xc7, 0xf6, 0x94, 0x90, 0xe9, 0xc8, 0xeb, 0xde, 0xf0, 0xa3, 0xbd, 0x90, 0xfc, 0xf2, 0xac, 0xa4, 0x71, 0x46, 0xa2, 0x72, 0x95}



pk:{48,89,48,19,6,7,42,134,72,206,61,2,1,6,8,42,134,72,206,61,3,1,7,3,66,0,4,133,14,70,148,129,194,121,27,156,233,68,66,124,70,187,120,212,199,53,131,23,37,92,239,77,99,252,147,46,214,241,5,53,134,211,173,170,53,
81,216,198,104,171,30,39,152,24,133,61,111,2,114,4,176,13,138,91,131,109,233,49,66,103,226}
{0x04, 85, 0e, 46, 94, 81, c2, 79, 1b, 9c, e9, 44, 42, 7c, 46, bb, 78, d4, c7, 35, 83, 17, 25, 5c, ef, 4d, 63, fc, 93, 2e, d6, f1, 05, 35, 86, d3, ad, aa, 35, 51, d8, c6, 68, ab, 1e, 27, 98, 18, 85, 3d, 6f, 02, 72, 04, b0, 0d, 8a, 5b, 83, 6d, e9, 31, 42, 67, e2}



